# scenario parameters
label <- "v3"
num.pops <- 5
num.loci <- 1000
div.time <- 50000
Ne <- c(50, 500) #, 5000)
Nm <- c(0, 1, 5) #, 25)
theta <- c(0.1, 0.25)